6 28 28 53 80 80 80 80 80 80 80 80 101 104 106 127 239 239 266 267 308 338 338 355 
28 28 80 80 80 80 80 80 106 127 135 144 151 165 165 211 239 239 256 267 267 308 355 
16 16 16 16 53 95 101 104 182 190 201 201 217 250 258 322 328 360 388 
72 94 94 143 143 173 191 191 236 262 262 311 311 316 316 316 316 333 370 370 
13 19 41 53 125 147 148 152 202 204 294 354 354 396 
3 7 27 39 56 101 136 156 177 238 301 412 
16 16 16 90 104 104 117 168 168 182 190 197 197 197 201 201 253 309 337 
21 34 37 53 159 181 190 203 203 203 203 212 217 230 236 276 276 276 276 319 321 326 331 360 415 415 
53 56 95 96 136 136 136 136 152 157 238 252 255 307 326 344 346 349 353 400 409 
42 51 61 89 99 101 104 104 118 129 188 310 310 310 310 310 310 310 328 353 359 361 361 374 374 390 
35 53 77 78 91 101 104 153 236 247 326 351 384 
15 28 70 80 80 80 101 104 144 165 165 211 239 239 240 266 267 267 270 334 374 416 
3 3 27 86 87 95 238 241 272 343 343 343 353 367 
25 53 104 104 179 208 300 337 410 
50 113 136 152 160 238 241 272 337 406 410 
28 53 80 80 80 80 104 127 210 211 266 267 270 308 338 
16 16 16 16 53 73 73 101 117 182 190 190 197 201 208 250 258 272 328 328 
8 8 26 26 35 77 77 78 92 92 92 92 104 104 213 221 236 247 274 302 327 343 343 343 343 349 
13 20 44 81 104 104 161 161 179 236 294 368 378 396 396 
26 35 35 53 78 91 92 92 104 153 236 343 343 343 343 384 
13 20 20 104 104 137 137 161 179 236 272 294 300 300 314 314 337 378 378 396 396 396 396 396 396 396 396 396 
42 51 51 53 61 61 89 104 104 118 131 235 310 310 310 310 310 310 313 328 337 353 359 359 361 361 374 374 380 390 390 
16 16 16 16 16 90 90 104 104 117 117 182 182 190 197 197 201 201 249 249 250 258 258 309 309 328 328 353 360 414 
44 53 58 71 94 94 105 120 120 141 143 159 190 191 191 217 236 262 276 311 316 316 316 316 316 316 316 316 316 333 333 360 370 370 382 382 409 
53 67 83 101 116 139 175 184 187 196 196 208 209 209 233 269 273 285 298 351 385 385 385 385 385 385 385 385 385 
29 29 37 48 69 69 80 80 80 80 80 80 80 80 80 80 80 80 80 80 83 135 140 140 144 172 207 261 261 287 287 306 308 308 349 350 355 355 374 374 
49 52 52 52 52 52 52 52 52 52 52 52 52 67 83 83 101 116 116 139 172 175 176 184 184 196 196 208 208 209 209 214 214 216 216 224 285 298 298 346 376 376 385 385 385 409 
44 44 53 54 58 58 71 72 94 94 105 106 120 120 141 143 169 191 191 199 236 236 262 299 311 311 316 316 316 316 316 316 316 316 316 316 316 316 316 316 316 316 316 316 316 316 316 316 316 316 316 316 316 316 316 316 332 333 333 341 370 370 382 382 409 409 
18 32 32 57 83 116 187 228 285 303 349 385 385 385 385 385 
18 32 32 53 83 83 116 116 175 180 187 187 209 285 303 385 
20 81 81 104 272 326 354 378 378 396 396 396 410 
29 37 69 80 80 80 80 80 80 83 111 140 140 144 207 261 261 287 308 350 355 355 366 374 
27 87 113 136 160 226 238 272 272 328 337 410 
15 28 53 70 80 80 104 106 144 239 266 267 270 374 
3 3 50 50 53 104 113 125 125 136 136 163 238 272 320 328 328 329 337 410 410 
1 2 14 14 14 58 58 208 224 276 279 316 316 333 370 389 
8 26 77 77 78 92 139 153 153 247 274 274 302 327 343 343 349 
53 80 80 80 80 80 95 100 104 106 106 144 165 211 239 266 267 270 308 
94 316 316 316 316 370 370 382 
53 131 164 188 310 
53 56 56 136 172 173 208 208 272 311 326 326 412 412 
51 61 61 96 96 125 125 152 170 188 202 310 310 310 310 310 310 313 337 374 


51 51 53 96 170 310 310 310 310 310 313 313 328 337 353 353 374 
30 80 80 80 80 80 80 80 80 80 140 144 144 287 326 349 374 
51 53 61 82 96 131 152 310 310 310 310 313 337 353 353 374 
7 27 44 56 136 136 136 188 272 301 326 329 383 
53 56 56 65 65 95 101 115 136 136 136 156 160 177 177 208 226 325 326 349 353 353 
120 145 173 173 173 208 236 236 262 262 299 299 316 316 316 318 333 381 382 382 387 400 
43 43 53 113 150 215 290 407 
37 69 80 80 80 144 287 
3 27 50 113 113 136 136 219 226 226 226 226 241 272 328 
21 37 53 128 203 203 212 212 276 321 326 
67 116 172 175 208 209 298 298 349 385 385 385 385 405 
51 53 61 96 125 188 188 202 310 310 310 310 310 313 353 374 374 390 
71 120 173 173 189 191 236 236 262 299 311 311 316 316 316 316 316 316 316 316 370 370 382 
53 56 56 65 65 115 136 136 136 136 136 136 157 157 177 208 255 319 325 326 326 329 412 
15 75 80 80 80 80 80 80 80 80 104 107 109 146 236 241 308 347 355 374 
15 16 16 43 43 53 114 114 150 150 158 215 249 249 253 308 407 
18 18 32 53 57 57 83 83 104 116 139 172 176 184 187 209 216 216 228 273 298 318 326 330 349 385 385 385 385 385 385 394 
1 49 58 58 71 120 143 169 169 194 194 208 262 262 264 275 276 276 279 299 316 316 316 316 316 316 316 316 316 316 316 316 316 316 318 370 370 
5 40 81 125 152 152 294 354 396 
53 78 236 305 343 
61 95 101 235 310 310 310 313 313 328 328 337 374 390 
8 35 35 53 82 91 92 92 95 104 153 213 236 236 247 343 343 
3 27 53 56 65 95 101 104 136 136 136 136 139 156 157 177 183 208 218 241 260 260 260 272 296 326 326 329 349 
65 65 101 115 115 136 136 136 136 136 136 136 139 156 157 157 177 183 208 255 260 260 260 272 272 319 325 326 326 329 329 412 412 
44 58 58 71 101 120 122 141 208 264 276 276 316 316 316 316 316 316 316 316 333 370 
1 14 14 44 53 58 58 104 194 208 224 275 276 279 299 316 316 316 318 318 333 
13 19 81 125 152 152 202 204 204 271 294 294 354 354 396 396 
53 58 72 94 105 120 141 169 262 276 316 316 316 316 316 316 316 316 316 370 370 382 382 
5 16 16 53 125 137 152 168 197 201 201 309 322 328 328 357 357 
25 81 81 104 208 243 246 396 396 410 410 
12 53 71 94 120 120 122 143 143 191 191 191 262 262 299 299 311 316 316 316 316 316 316 316 316 356 370 382 
42 51 51 61 89 95 98 101 118 118 235 310 310 310 310 310 310 310 310 310 337 353 359 359 361 374 374 380 390 
5 51 99 125 170 188 202 232 310 310 310 374 380 390 390 
15 28 28 53 80 80 80 80 80 80 108 132 133 146 188 211 236 308 347 374 
11 28 53 80 80 104 165 266 267 270 
35 91 91 92 92 92 92 104 208 274 343 
56 65 65 65 95 115 136 136 156 157 157 208 272 325 329 329 353 353 412 412 
21 21 27 53 103 128 128 181 181 198 203 203 212 230 230 276 276 326 342 342 364 364 415 415 415 415 
45 45 66 66 66 96 220 286 286 288 289 289 289 297 297 297 310 310 310 310 310 310 310 313 390 403 403 
21 34 37 53 139 181 181 203 212 212 230 236 276 316 316 316 316 316 316 316 316 316 321 321 326 326 326 342 342 364 367 
8 104 106 127 185 239 247 267 274 343 
51 53 61 99 310 310 328 361 374 
3 3 56 136 136 136 136 139 152 157 238 238 326 329 336 345 349 353 
53 77 77 92 92 92 92 104 104 153 153 236 236 343 343 343 343 343 349 
51 61 96 125 310 310 310 328 328 337 353 353 374 
15 25 28 53 80 80 80 80 80 108 133 133 142 144 146 188 211 236 347 355 374 374 
6 101 106 106 123 123 126 128 151 203 203 203 240 240 266 267 293 338 357 
8 26 53 77 91 91 92 92 153 221 236 236 247 247 274 274 
51 69 125 131 152 310 310 310 310 310 338 374 390 
26 35 53 78 92 92 104 153 153 188 274 343 343 
16 53 90 104 104 117 159 197 201 282 309 328 328 
58 58 71 94 105 120 141 191 217 311 316 316 316 316 316 316 370 
11 80 80 80 80 80 80 80 80 80 80 101 127 165 206 210 211 239 267 270 308 308 355 413 
15 28 28 53 80 80 80 80 80 101 104 106 151 211 239 239 266 267 267 308 374 
94 262 316 316 370 
53 170 337 
9 9 9 9 22 28 30 54 80 80 80 101 108 133 138 144 146 207 211 242 242 308 347 355 373 412 
44 49 53 58 58 71 94 120 120 141 143 185 191 191 262 262 311 316 316 316 316 316 316 316 316 333 370 382 382 410 
53 56 104 113 113 136 136 136 152 152 223 223 241 272 329 337 410 410 
128 139 203 276 276 319 321 321 343 343 343 343 364 367 
53 61 82 96 125 170 310 310 310 310 328 337 337 374 380 390 
13 59 81 101 179 188 243 243 281 300 396 396 396 
27 50 101 136 136 136 136 137 152 152 223 226 245 245 272 320 328 328 410 410 
33 49 53 81 104 161 179 179 208 246 272 391 396 396 396 410 
53 113 136 160 226 226 272 337 410 410 
15 28 38 80 80 80 80 133 146 146 236 308 308 374 
91 92 104 153 153 178 274 343 343 343 343 
51 53 61 82 95 310 328 328 374 
51 53 61 89 98 99 118 313 313 337 337 351 353 361 390 
58 94 94 120 191 236 276 299 316 316 316 316 316 316 333 370 370 
90 90 101 104 134 197 201 208 250 258 328 
44 44 53 58 94 120 169 190 190 191 217 259 262 311 316 316 316 316 316 333 360 370 370 382 382 
19 81 81 204 225 251 267 338 396 396 
51 53 164 170 202 310 310 328 337 390 
80 80 80 101 106 106 111 127 185 222 242 266 267 355 355 
21 21 34 53 128 151 181 181 203 236 276 316 316 316 316 319 321 321 326 331 342 367 415 415 415 
95 104 125 203 203 203 293 353 353 357 357 364 
16 16 16 16 53 76 215 215 231 231 282 290 309 322 407 
30 30 62 80 80 80 80 146 211 308 308 347 355 374 
30 53 69 69 80 80 80 80 80 80 83 140 144 261 349 355 366 374 377 
16 44 73 104 117 197 208 328 
37 53 200 203 272 337 397 410 410 
53 90 104 168 190 250 258 322 328 328 353 
28 28 38 80 80 80 80 101 108 133 142 146 182 190 217 236 308 308 355 360 
51 53 89 89 101 104 118 192 353 374 390 
71 72 120 143 229 235 299 316 316 316 382 
28 28 53 80 80 80 95 97 104 107 211 263 347 355 
56 65 115 136 136 136 156 157 177 227 272 412 
3 27 27 113 113 136 136 136 136 136 152 152 162 226 226 245 319 328 337 337 410 410 
3 27 44 53 56 136 136 136 157 177 198 301 326 329 329 353 400 
69 69 80 80 80 80 80 80 80 111 140 144 144 207 261 287 287 308 349 355 355 355 374 389 
8 8 35 35 53 77 77 91 91 101 104 153 208 213 221 327 343 343 343 343 
72 72 94 94 120 122 169 262 299 316 316 316 370 
15 28 53 101 104 135 211 211 239 248 270 347 
28 80 80 80 80 104 104 107 107 108 347 347 353 374 374 
15 17 51 53 89 95 104 118 297 310 328 374 377 390 403 
19 40 40 125 204 225 271 343 354 367 369 398 398 
3 53 56 136 136 177 198 238 292 301 326 
51 104 104 118 170 313 361 374 390 
53 70 80 80 104 106 127 235 239 266 266 308 338 
21 34 34 36 36 37 95 104 128 181 181 200 203 203 203 208 230 255 321 321 357 364 364 371 371 401 401 
53 58 58 71 94 105 169 191 236 262 311 311 316 316 316 316 316 316 316 316 333 370 382 387 
36 53 128 181 200 203 203 203 230 321 321 364 397 397 401 410 
25 81 101 104 208 332 396 396 
16 16 53 90 134 197 197 217 258 328 328 
35 77 77 104 139 182 190 217 274 274 302 343 343 343 349 360 384 
15 15 28 80 80 80 80 80 80 83 101 101 104 104 276 308 347 351 374 377 
21 21 34 48 53 103 128 167 181 198 203 203 203 203 230 236 276 321 326 331 331 364 
16 64 90 95 134 159 182 208 258 328 328 337 337 353 
53 101 119 126 182 190 200 203 203 210 217 230 230 244 267 267 338 360 364 
8 26 35 53 77 77 78 78 92 92 101 104 104 153 236 236 274 327 343 343 343 343 349 
49 81 81 101 104 161 179 246 332 337 337 396 396 396 396 410 
28 28 30 37 63 80 80 80 125 133 133 144 144 261 287 308 308 350 350 355 355 374 374 415 415 
37 49 53 101 200 203 203 203 203 230 230 272 293 321 337 350 364 397 
3 56 101 113 136 136 152 152 208 208 223 226 238 241 280 328 406 
15 37 53 80 80 80 80 95 135 144 211 239 239 266 267 270 270 308 308 330 
16 90 104 117 159 197 250 250 328 328 
51 53 61 125 164 170 202 310 310 310 337 337 390 
16 16 16 16 90 90 101 104 104 137 137 182 190 197 197 201 208 217 217 258 258 309 309 328 337 337 360 388 
8 8 26 35 35 53 77 77 78 78 91 91 92 92 101 153 153 159 182 190 221 221 236 247 247 302 327 327 343 343 343 343 349 360 
72 94 94 120 143 154 154 191 262 262 276 276 277 299 299 311 316 316 316 316 316 316 316 316 316 370 370 
15 28 28 53 54 70 80 80 80 80 80 80 80 104 104 106 111 144 165 185 195 211 211 239 267 267 308 308 347 374 
8 26 35 35 53 77 78 91 92 101 101 101 104 104 124 124 124 124 125 153 153 274 302 343 349 411 
21 34 37 128 181 181 198 198 203 203 203 203 203 203 212 212 230 230 236 276 276 276 321 321 326 331 342 342 364 364 415 415 415 
125 170 235 374 390 
120 173 316 316 
67 83 116 139 172 208 208 209 216 233 298 330 330 385 385 385 385 385 
53 61 89 95 101 104 118 131 235 310 310 310 313 313 337 353 359 361 374 374 375 390 403 
8 8 35 53 78 78 92 104 153 236 274 302 343 343 
51 61 61 125 131 152 164 188 202 310 310 310 310 310 328 337 
51 51 125 131 152 170 170 202 310 310 310 328 328 337 374 390 
8 53 77 77 82 91 92 92 153 208 213 236 247 274 274 343 343 343 343 343 343 
28 38 53 80 80 80 80 95 104 104 133 146 308 347 374 
21 103 128 138 181 198 203 203 203 230 236 321 326 364 
152 164 164 310 328 374 390 
24 53 76 204 231 290 359 
3 44 44 56 56 101 136 136 152 156 157 191 191 238 238 311 319 326 326 329 329 329 345 349 353 412 
8 26 35 35 77 77 91 92 92 101 104 104 139 153 153 221 236 236 247 274 274 302 302 305 327 343 343 343 343 343 343 343 349 384 
7 7 18 74 74 101 101 124 124 175 295 298 351 363 379 
21 53 128 198 203 203 212 230 321 326 326 331 331 342 342 364 415 415 415 
49 53 67 67 83 83 101 116 139 172 175 175 176 184 196 208 209 285 298 298 349 385 385 385 385 385 385 
7 27 44 101 136 136 136 136 139 156 157 198 208 238 246 307 319 329 349 391 412 
16 16 104 117 190 197 201 201 217 250 250 322 328 
28 53 80 80 80 80 80 80 101 104 106 106 144 165 185 239 267 267 270 308 
8 26 35 78 91 92 153 153 178 247 247 273 274 274 343 343 343 343 
53 58 58 71 94 105 120 141 191 222 236 236 262 311 316 316 316 316 316 316 370 370 382 
35 91 91 92 92 274 302 343 343 
15 28 37 53 80 80 106 144 266 347 355 374 
49 83 102 175 187 196 208 209 298 298 376 376 385 385 385 385 385 
53 72 120 143 173 191 236 236 316 316 316 316 316 316 370 382 382 387 387 
94 94 143 173 191 191 236 262 299 311 316 316 382 382 
13 53 101 104 161 161 208 281 396 396 
28 75 80 80 80 80 80 80 104 104 146 211 308 308 347 355 374 
15 37 53 112 181 203 203 212 230 230 276 321 331 331 342 364 415 415 415 415 415 
16 16 16 16 16 43 43 44 53 134 134 197 201 258 278 290 290 388 
1 14 14 14 14 14 14 44 58 58 143 169 194 194 208 224 275 276 276 279 299 316 316 316 316 318 
16 16 249 258 272 284 
3 53 56 136 136 329 353 391 400 
49 50 95 113 136 136 136 136 136 136 152 160 160 238 241 245 252 272 353 410 
29 37 69 80 80 80 80 80 80 80 80 135 144 261 261 306 308 350 366 374 
7 27 44 115 115 136 136 136 156 160 177 183 208 326 353 412 
43 43 53 76 114 114 136 136 136 136 150 215 231 253 258 282 290 290 322 367 415 415 
35 47 60 77 77 93 149 172 237 327 343 343 343 343 343 343 343 343 351 384 395 
1 1 44 53 58 143 169 194 194 208 208 224 262 276 279 316 316 316 316 316 316 316 316 316 316 316 316 316 316 316 316 318 332 333 
28 53 127 165 239 266 267 270 308 355 
203 203 212 230 364 364 415 
28 80 80 88 95 98 108 146 211 211 308 347 347 351 374 392 
44 49 53 56 136 156 208 238 301 307 329 377 
34 79 84 110 121 128 128 155 155 166 181 203 203 203 203 203 203 203 203 230 315 315 321 357 357 364 364 386 393 401 402 
37 53 128 198 203 203 203 203 203 212 230 230 276 276 276 321 326 326 331 331 342 364 415 415 
19 40 53 81 125 204 225 271 271 294 369 369 396 396 
28 70 80 80 80 80 80 189 211 211 239 266 270 320 
8 26 44 95 96 104 247 274 339 339 339 343 343 343 
53 181 203 203 212 236 276 321 326 326 326 342 364 
101 104 116 116 172 175 175 184 196 209 209 385 
53 94 94 120 173 236 299 311 316 316 316 316 318 382 387 
8 8 35 53 78 78 101 104 125 178 274 274 328 343 343 343 343 343 411 413 
28 28 37 70 80 80 80 80 80 80 80 80 80 80 80 80 104 104 135 211 239 267 267 308 308 355 383 
32 57 83 83 101 104 176 184 187 208 208 228 285 298 330 385 385 385 
53 78 91 92 92 104 139 153 208 247 265 274 274 302 302 343 343 343 343 343 
5 125 131 131 152 202 310 310 328 337 353 
37 53 69 80 80 80 80 140 144 207 366 
1 12 31 44 53 101 120 122 143 194 199 208 224 262 275 275 316 316 316 316 316 316 316 316 318 349 370 409 
49 71 94 94 120 143 191 236 236 262 311 316 316 316 316 316 316 318 333 370 382 382 
28 28 38 80 80 80 80 80 80 80 80 80 80 95 108 108 111 133 144 146 174 211 308 308 355 
15 28 53 54 101 104 106 135 165 308 355 
53 83 116 116 139 172 175 176 184 187 196 208 209 216 341 341 376 376 385 385 385 385 385 385 385 409 
15 28 28 37 54 70 80 80 80 80 80 80 80 80 80 80 80 80 80 80 101 104 104 106 106 135 151 211 211 234 239 267 267 270 304 308 334 347 374 
37 104 139 152 152 200 200 203 203 236 272 337 337 364 410 
3 7 27 53 136 157 177 218 246 272 329 353 400 412 
49 52 52 67 67 116 116 139 175 175 184 184 187 187 196 208 208 216 216 224 298 298 326 349 365 376 376 385 385 385 385 385 385 385 385 385 385 385 394 
8 8 26 26 35 35 53 77 77 78 78 91 91 92 92 92 92 101 104 104 139 153 153 208 213 221 236 236 247 247 274 274 302 302 327 327 343 343 343 343 343 343 343 343 349 
15 80 80 80 80 80 80 95 104 108 111 112 133 144 144 146 211 239 308 308 355 355 374 
15 25 53 104 161 179 208 272 300 337 391 396 396 396 410 
31 44 44 120 194 262 262 316 316 316 316 370 
53 173 236 262 316 316 316 370 370 
53 96 125 125 131 152 170 202 304 310 310 310 310 310 313 337 353 374 390 
29 80 80 80 80 80 80 80 80 80 140 172 188 207 287 308 308 350 374 
16 16 90 101 104 190 197 208 217 250 322 337 
53 120 143 182 190 191 208 262 262 299 299 316 316 316 316 318 360 370 382 382 
7 19 81 104 104 125 125 125 161 186 243 294 294 294 337 337 396 396 
21 34 53 128 181 181 203 203 203 212 212 230 230 276 276 321 321 326 331 331 342 342 415 415 415 415 415 415 
3 27 44 50 53 56 136 136 136 136 157 183 214 238 241 255 260 260 260 260 272 337 349 353 412 
7 44 49 56 136 136 136 136 136 198 238 246 272 301 307 319 329 349 353 383 391 400 412 
51 89 89 95 101 254 310 310 310 313 337 337 353 390 390 403 
29 37 53 69 80 80 80 80 80 80 80 80 80 80 80 83 83 140 140 207 261 287 287 306 308 308 349 355 374 374 
13 125 152 152 310 310 367 
53 104 211 239 324 
52 52 52 52 52 52 52 52 52 52 52 52 52 67 83 101 116 139 172 175 175 196 196 208 208 209 216 224 298 298 385 385 385 385 405 
29 37 48 53 69 69 80 80 80 80 80 80 80 80 80 80 80 80 80 80 83 83 111 135 140 144 144 172 207 207 261 261 287 287 308 308 326 349 350 355 355 355 355 355 374 374 
34 44 44 49 53 95 101 104 128 152 200 203 203 203 203 203 203 208 208 293 293 321 326 348 351 371 401 404 409 410 410 
33 33 81 81 101 104 161 161 179 179 208 243 243 246 272 300 332 337 396 396 396 396 396 396 396 396 396 396 410 410 
53 90 90 168 201 217 217 250 257 309 337 360 
173 182 182 190 190 191 229 236 262 299 316 316 316 316 360 370 370 387 
53 58 58 94 104 120 143 143 169 189 191 208 236 262 276 276 311 311 316 316 316 316 316 316 316 316 316 316 319 333 333 356 370 370 391 
15 28 37 58 65 70 80 80 80 80 80 80 80 80 80 80 80 80 80 80 80 80 80 80 80 80 95 101 104 104 106 106 135 151 151 165 211 211 239 253 267 270 270 308 308 334 334 355 355 362 
8 26 26 35 35 77 77 78 78 91 91 92 92 101 139 153 153 236 236 302 302 327 327 343 343 343 343 343 343 343 349 
29 29 30 30 37 53 69 69 80 80 80 80 80 80 80 80 80 80 80 83 111 135 140 140 144 144 172 207 207 261 261 287 308 326 349 350 374 374 
90 101 104 182 190 250 258 309 322 337 
53 94 101 190 191 311 316 316 316 333 
52 52 52 52 101 116 130 191 224 311 311 376 376 385 385 385 385 385 
51 53 61 61 96 96 125 131 164 170 170 188 310 310 310 310 310 310 310 328 337 374 374 390 
28 30 30 80 80 80 80 104 104 107 111 133 144 146 146 193 211 211 236 308 312 340 347 347 355 362 362 374 
15 53 71 75 143 145 173 173 188 191 191 236 236 262 311 311 316 316 316 316 316 316 370 382 387 
1 26 26 31 31 44 46 53 58 58 78 104 169 208 262 262 275 276 299 316 316 316 316 316 316 316 316 316 318 370 370 387 
35 77 78 92 92 92 92 95 101 104 153 153 274 274 302 305 327 343 343 343 343 343 343 349 
8 8 35 53 77 95 101 104 104 153 153 153 153 178 205 274 343 343 
21 21 103 128 178 178 203 203 212 212 213 276 321 326 364 364 
65 65 115 136 136 136 136 156 157 177 177 272 325 329 329 353 353 412 
53 71 94 120 143 236 262 299 299 316 316 316 370 370 382 387 387 
53 61 88 89 89 104 118 310 313 323 328 337 353 374 390 
3 27 46 95 136 136 136 136 157 198 208 218 307 
78 92 104 149 153 178 274 343 343 349 
35 53 91 92 92 153 236 236 247 274 302 343 343 
44 44 53 104 272 272 300 300 337 378 396 396 
34 128 128 203 203 203 230 230 276 276 331 342 342 415 415 415 
16 16 16 16 16 16 16 16 53 95 101 117 182 190 190 201 201 217 249 250 257 282 328 328 360 
8 26 35 35 78 78 91 92 92 92 92 101 104 104 213 236 265 302 343 343 343 343 343 343 
21 21 34 34 36 36 37 53 53 53 128 128 181 181 200 200 203 203 203 203 230 230 236 236 317 321 321 358 358 364 364 371 371 401 401 
44 44 94 105 120 143 191 191 236 236 262 299 311 311 316 316 316 316 316 316 316 316 316 316 316 370 370 382 409 
35 78 91 236 274 343 343 
53 77 77 104 104 
3 27 27 53 56 87 113 125 136 136 136 136 160 160 226 238 241 245 252 272 328 410 
44 44 58 94 94 105 169 191 191 311 311 316 316 316 316 316 316 316 316 316 333 370 
50 152 238 238 272 272 328 410 
53 80 80 80 80 127 165 239 266 267 270 270 308 
44 73 101 197 208 224 258 388 
51 53 95 104 118 131 235 310 328 337 359 361 390 
16 137 217 217 250 258 258 309 322 
21 34 53 198 203 203 203 276 364 
53 94 94 120 122 143 173 236 262 262 311 311 316 316 316 316 316 316 316 316 316 316 316 316 356 370 
61 125 125 131 152 170 170 188 188 202 310 310 310 310 310 310 310 337 337 353 390 390 
42 51 51 61 89 89 95 99 101 104 118 118 131 310 310 313 313 337 403 
21 21 37 53 128 181 181 198 198 203 203 230 276 276 321 321 326 331 331 342 342 364 364 415 415 415 415 415 
53 104 106 127 135 211 254 264 267 270 308 351 374 
15 77 91 92 92 104 139 153 208 236 247 274 343 343 349 
8 26 53 77 91 104 247 349 
3 56 95 113 136 136 136 198 
16 16 16 53 73 85 95 104 171 197 201 236 258 272 282 326 328 349 372 414 
21 37 49 104 139 200 200 203 203 203 203 203 208 208 230 293 321 321 337 348 364 364 397 410 
28 80 80 104 111 211 211 338 347 349 374 
15 16 16 16 16 43 43 117 318 326 
22 26 38 80 80 80 80 101 107 133 144 146 146 208 211 236 263 308 347 355 355 374 399 
10 16 16 16 53 64 69 69 101 117 134 258 290 290 318 326 377 414 
8 35 35 77 92 92 104 153 236 236 247 274 274 302 343 343 
8 53 77 78 91 92 92 92 92 104 153 213 343 343 343 343 349 
16 16 16 16 73 201 249 258 272 284 328 
53 72 101 141 191 236 262 262 311 316 316 370 
32 57 116 187 209 228 298 385 385 393 
53 104 200 203 321 337 397 397 
50 50 56 56 95 104 113 113 136 136 136 136 136 136 160 160 226 238 238 241 241 272 272 296 328 337 406 410 410 
53 81 101 161 161 179 179 208 243 246 272 281 283 300 337 396 396 396 396 396 396 410 
49 83 83 101 116 116 172 175 175 184 184 195 196 196 208 209 209 216 291 298 298 349 352 376 385 385 385 385 385 385 385 385 385 409 
1 1 14 14 14 14 14 14 14 14 14 14 14 14 14 14 14 14 14 14 53 58 58 120 143 169 194 194 208 224 262 264 275 276 276 279 299 316 316 318 370 370 387 
53 243 272 300 300 319 396 410 
29 30 62 80 80 80 80 80 140 308 350 374 
1 4 44 49 53 71 71 101 143 194 194 194 268 276 316 316 316 316 316 316 316 316 316 316 316 316 316 316 318 318 333 335 370 
21 34 37 128 128 181 181 198 198 203 203 203 203 203 203 203 212 212 236 276 276 321 326 326 331 364 364 415 415 415 
26 35 35 78 91 91 125 343 343 411 411 
6 15 53 55 80 80 106 144 211 270 347 355 
16 16 16 16 16 16 16 24 64 69 73 83 83 134 134 201 201 278 318 326 326 414 
16 16 16 16 16 16 24 43 53 64 64 69 69 83 101 117 134 201 201 208 290 290 326 
14 14 14 14 31 51 71 143 191 191 224 262 262 273 292 299 316 316 316 316 316 316 333 335 335 341 370 370 382 404 409 
42 51 53 53 61 89 104 104 118 118 131 235 310 310 310 310 310 328 337 353 359 359 361 374 374 380 390 403 408 
53 59 68 106 125 152 225 225 243 251 251 266 300 396 396 396 396 398 
44 58 58 94 106 143 236 262 299 311 316 316 316 316 316 316 370 382 382 387 
27 27 50 53 101 113 113 136 136 136 136 136 136 136 152 152 160 223 226 226 238 238 241 245 252 272 272 328 328 337 337 353 410 410 
71 94 94 120 143 143 145 157 173 173 191 191 236 262 296 299 299 311 311 316 316 316 316 316 316 316 316 316 316 316 318 333 370 370 382 387 
27 27 50 101 113 136 136 136 136 160 223 223 226 241 241 245 252 272 328 337 337 
8 8 26 35 35 53 78 91 92 92 92 92 95 104 139 153 213 213 236 236 274 343 343 384 
16 16 73 90 90 101 104 182 190 201 282 337 
53 81 159 179 179 190 208 243 300 360 396 396 396 396 396 410 
53 67 67 84 101 116 116 130 139 172 175 176 184 196 208 224 269 298 376 376 385 385 385 385 385 385 385 
71 72 72 101 120 120 143 143 173 191 191 208 229 236 236 299 316 316 316 316 316 316 316 316 318 333 370 370 382 387 387 
3 3 27 86 113 113 136 136 136 152 160 226 241 245 252 272 328 329 353 410 
15 28 53 80 80 80 80 80 80 80 80 80 95 106 135 239 239 270 308 347 355 416 
23 28 80 80 80 80 101 104 111 133 133 135 211 236 308 351 355 374 
15 49 53 72 94 120 143 173 191 236 299 316 316 316 316 316 316 316 316 316 333 370 382 382 387 
16 16 90 95 159 250 258 328 360 
53 72 143 173 217 229 236 262 316 316 316 
