8 #SUP: 23
8 35 343 #SUP: 16
8 35 92 343 #SUP: 13
8 77 #SUP: 15
8 77 92 #SUP: 12
8 77 92 343 #SUP: 11
8 77 343 #SUP: 13
8 92 #SUP: 17
8 92 343 #SUP: 16
8 104 #SUP: 17
8 104 343 #SUP: 16
8 153 #SUP: 17
8 153 343 #SUP: 16
8 274 #SUP: 16
8 274 343 #SUP: 15
8 343 #SUP: 21
14 316 #SUP: 5
15 #SUP: 26
15 80 #SUP: 16
16 #SUP: 27
28 #SUP: 34
28 80 #SUP: 31
28 80 104 #SUP: 19
28 80 211 #SUP: 19
28 80 308 #SUP: 22
28 104 #SUP: 21
28 211 #SUP: 20
28 308 #SUP: 24
35 #SUP: 27
35 78 #SUP: 17
35 78 92 343 #SUP: 13
35 78 343 #SUP: 16
35 91 #SUP: 17
35 91 92 343 #SUP: 13
35 91 343 #SUP: 16
35 92 343 #SUP: 19
35 104 #SUP: 19
35 104 343 #SUP: 18
35 153 #SUP: 18
35 153 343 #SUP: 17
35 274 343 #SUP: 18
35 343 #SUP: 26
37 #SUP: 28
37 80 #SUP: 14
37 203 #SUP: 14
44 #SUP: 30
44 136 #SUP: 8
44 316 #SUP: 15
51 #SUP: 26
51 310 #SUP: 22
51 374 #SUP: 18
52 385 #SUP: 4
53 #SUP: 166
53 80 #SUP: 23
53 92 153 #SUP: 15
53 92 153 343 #SUP: 14
53 101 #SUP: 35
53 101 316 #SUP: 4
53 104 #SUP: 57
53 104 343 #SUP: 14
53 136 #SUP: 17
53 153 #SUP: 18
53 153 343 #SUP: 16
53 203 #SUP: 20
53 203 415 #SUP: 8
53 208 #SUP: 29
53 208 316 #SUP: 7
53 236 #SUP: 36
53 236 316 #SUP: 16
53 236 343 #SUP: 11
53 262 316 #SUP: 20
53 262 316 370 #SUP: 18
53 276 #SUP: 20
53 276 316 #SUP: 10
53 310 #SUP: 17
53 316 #SUP: 28
53 316 370 #SUP: 21
53 326 #SUP: 26
53 328 #SUP: 23
53 337 #SUP: 27
53 343 #SUP: 18
53 374 #SUP: 26
53 385 #SUP: 6
53 396 #SUP: 10
53 415 #SUP: 9
56 136 #SUP: 22
58 #SUP: 21
58 316 #SUP: 20
58 316 370 #SUP: 17
61 #SUP: 20
61 310 #SUP: 19
77 #SUP: 22
77 92 #SUP: 15
77 92 343 #SUP: 14
77 104 #SUP: 16
77 104 343 #SUP: 13
77 153 #SUP: 17
77 153 343 #SUP: 15
77 343 #SUP: 18
78 #SUP: 23
78 92 343 #SUP: 17
78 153 #SUP: 16
78 343 #SUP: 21
80 #SUP: 55
80 104 #SUP: 23
80 144 #SUP: 26
80 144 308 #SUP: 17
80 144 355 #SUP: 15
80 211 #SUP: 26
80 211 308 #SUP: 20
80 239 #SUP: 18
80 267 #SUP: 17
80 308 #SUP: 40
80 308 355 #SUP: 22
80 308 374 #SUP: 25
80 355 #SUP: 28
80 374 #SUP: 33
83 #SUP: 21
83 385 #SUP: 12
91 #SUP: 24
91 92 #SUP: 19
91 92 343 #SUP: 18
91 153 #SUP: 18
91 153 343 #SUP: 16
91 343 #SUP: 21
92 #SUP: 28
92 104 343 #SUP: 20
92 104 153 343 #SUP: 17
92 153 #SUP: 24
92 153 236 #SUP: 15
92 153 236 343 #SUP: 14
92 153 274 #SUP: 18
92 153 274 343 #SUP: 17
92 153 343 #SUP: 23
92 236 #SUP: 17
92 236 343 #SUP: 16
92 274 #SUP: 21
92 274 343 #SUP: 20
92 343 #SUP: 27
94 316 #SUP: 27
94 191 316 #SUP: 19
94 191 311 316 #SUP: 17
94 191 311 316 370 #SUP: 15
94 191 316 370 #SUP: 17
94 262 316 #SUP: 20
94 262 316 370 #SUP: 19
94 311 316 #SUP: 20
94 311 316 370 #SUP: 17
94 316 370 #SUP: 24
94 316 382 #SUP: 17
95 #SUP: 39
95 104 #SUP: 21
95 136 #SUP: 8
101 #SUP: 81
101 104 #SUP: 38
101 136 #SUP: 10
101 208 #SUP: 29
101 208 385 #SUP: 7
101 310 #SUP: 6
101 316 #SUP: 6
101 385 #SUP: 9
101 396 #SUP: 6
104 #SUP: 109
104 153 #SUP: 20
104 153 343 #SUP: 19
104 208 #SUP: 24
104 236 #SUP: 21
104 274 343 #SUP: 20
104 308 #SUP: 19
104 310 #SUP: 8
104 328 #SUP: 19
104 337 #SUP: 24
104 337 396 #SUP: 6
104 343 #SUP: 26
104 374 #SUP: 23
104 396 #SUP: 12
106 #SUP: 21
120 316 #SUP: 31
120 191 316 370 #SUP: 18
120 236 316 #SUP: 16
120 236 316 370 #SUP: 14
120 262 316 #SUP: 22
120 262 316 370 #SUP: 21
120 316 370 #SUP: 27
120 316 370 382 #SUP: 16
120 316 382 #SUP: 19
125 #SUP: 30
125 310 #SUP: 14
128 203 #SUP: 20
128 203 321 #SUP: 17
128 203 415 #SUP: 9
136 #SUP: 40
136 272 #SUP: 23
139 #SUP: 25
139 343 #SUP: 9
139 385 #SUP: 9
143 316 #SUP: 28
143 191 316 #SUP: 17
143 191 316 370 #SUP: 16
143 262 316 #SUP: 22
143 262 316 370 #SUP: 19
143 316 370 #SUP: 23
143 316 382 #SUP: 17
152 #SUP: 29
152 310 #SUP: 10
153 #SUP: 27
153 236 #SUP: 16
153 274 #SUP: 19
153 274 343 #SUP: 18
153 343 #SUP: 25
181 203 #SUP: 16
190 #SUP: 22
191 #SUP: 29
191 236 316 #SUP: 18
191 236 316 370 #SUP: 17
191 262 316 #SUP: 20
191 262 311 316 #SUP: 17
191 262 311 316 370 #SUP: 16
191 262 316 370 #SUP: 19
191 311 #SUP: 22
191 311 316 #SUP: 20
191 311 316 370 #SUP: 18
191 316 #SUP: 27
191 316 370 #SUP: 25
191 316 370 382 #SUP: 17
191 316 382 #SUP: 18
201 #SUP: 17
203 #SUP: 33
203 230 #SUP: 20
203 230 321 #SUP: 16
203 230 321 415 #SUP: 7
203 230 364 #SUP: 17
203 230 415 #SUP: 10
203 276 #SUP: 17
203 276 415 #SUP: 10
203 321 #SUP: 24
203 321 364 #SUP: 18
203 321 415 #SUP: 9
203 364 #SUP: 24
203 364 415 #SUP: 8
203 415 #SUP: 12
208 #SUP: 63
208 316 #SUP: 13
208 385 #SUP: 12
208 396 #SUP: 8
211 #SUP: 29
211 308 #SUP: 21
236 #SUP: 66
236 262 316 #SUP: 20
236 262 311 316 #SUP: 15
236 262 316 370 #SUP: 17
236 311 316 #SUP: 16
236 316 #SUP: 27
236 316 370 #SUP: 21
236 316 382 #SUP: 17
236 343 #SUP: 18
238 #SUP: 19
239 #SUP: 22
262 316 #SUP: 35
262 311 316 #SUP: 19
262 311 316 370 #SUP: 18
262 316 370 #SUP: 31
262 316 370 382 #SUP: 17
262 316 382 #SUP: 19
267 #SUP: 23
272 #SUP: 40
272 396 #SUP: 8
272 410 #SUP: 20
274 #SUP: 27
274 343 #SUP: 26
276 #SUP: 32
276 316 #SUP: 16
299 316 #SUP: 24
299 316 370 #SUP: 18
308 #SUP: 44
308 355 #SUP: 24
308 374 #SUP: 26
310 #SUP: 33
310 337 #SUP: 22
310 374 #SUP: 22
310 390 #SUP: 22
311 #SUP: 26
311 316 #SUP: 23
311 316 370 #SUP: 20
316 #SUP: 53
316 333 #SUP: 21
316 333 370 #SUP: 17
316 370 #SUP: 41
316 370 382 #SUP: 21
316 382 #SUP: 25
326 #SUP: 40
328 #SUP: 48
328 337 #SUP: 21
337 #SUP: 54
337 396 #SUP: 7
337 410 #SUP: 16
343 #SUP: 40
349 #SUP: 39
349 385 #SUP: 6
353 #SUP: 37
355 #SUP: 30
374 #SUP: 59
385 #SUP: 18
390 #SUP: 26
396 #SUP: 22
410 #SUP: 29
415 #SUP: 14
